PDE 2019 01 20  01 32 51.50 -30.07  -71.42  53.0 0.0 6.7
event name:     201901200132A
time shift:      7.1000
half duration:  5.00000
latitude:        -30.07
longitude:       -71.42
depth:          53.0000
Mrr:      -1.210000e+26
Mtt:       3.780000e+25
Mpp:       8.360000e+25
Mrt:      -3.580000e+25
Mrp:      -1.130000e+25
Mtp:       1.570000e+25

