PDE 2016 07 29  21 18 25.80  18.51  145.53 212.4 0.0 7.7
event name:     201607292118A
time shift:      7.7000
half duration:  17.5000
latitude:         18.51
longitude:       145.53
depth:          12.4000
Mrr:       3.360000e+27
Mtt:       3.670000e+26
Mpp:      -3.720000e+27
Mrt:      -2.270000e+27
Mrp:       1.780000e+27
Mtp:       8.680000e+26

