PDE 2015 02 16  23 06 28.00  39.83  142.89  23.0 0.0 6.7
event name:     201502162306B
time shift:     11.0000
half duration:  5.90000
latitude:         39.83
longitude:       142.89
depth:          23.0000
Mrr:       8.240000e+25
Mtt:       7.000000e+23
Mpp:      -8.310000e+25
Mrt:       7.030000e+25
Mrp:       1.420000e+26
Mtp:      -2.180000e+25

