PDE 2018 01 23  09 31 42.90  56.05 -149.07  25.0 0.0 7.9
event name:     201801230931A
time shift:     18.6000
half duration:  22.2000
latitude:         56.05
longitude:      -149.07
depth:          25.0000
Mrr:       2.500000e+27
Mtt:      -5.100000e+27
Mpp:       2.600000e+27
Mrt:       1.800000e+26
Mrp:      -2.830000e+27
Mtp:       8.020000e+27

