PDE 2018 01 10  02 51 32.00  17.47  -83.52  10.0 0.0 7.6
event name:     201801100251A
time shift:     10.2000
half duration:  14.2000
latitude:         17.47
longitude:       -83.52
depth:          10.0000
Mrr:      -1.960000e+26
Mtt:      -9.200000e+26
Mpp:       1.120000e+27
Mrt:      -5.500000e+26
Mrp:       5.090000e+26
Mtp:       2.110000e+27

