PDE 2016 03 02  12 49 48.40  -4.91   94.28  24.0 0.0 7.8
event name:     201603021249A
time shift:     15.4000
half duration:  18.9000
latitude:         -4.91
longitude:        94.28
depth:          24.0000
Mrr:       1.730000e+26
Mtt:      -1.170000e+27
Mpp:       1.000000e+27
Mrt:      -1.090000e+27
Mrp:      -6.080000e+26
Mtp:      -5.580000e+27

